1305031453.391690 11.488815 35.724907 -22.703273 0.000625 0.006412 0.013142 0.999893
1305031453.423683 27.474782 60.289316 -67.550658 0.002855 0.010588 0.022916 0.999677
1305031453.459685 68.051375 94.967253 -116.634485 0.007737 0.014986 0.031926 0.999348
1305031453.491698 63.662054 129.576916 -164.492561 0.013138 0.023103 0.041477 0.998786
1305031453.523684 49.476881 165.215915 -215.932328 0.021210 0.029643 0.050278 0.998070
1305031453.559753 52.285410 192.850075 -280.342349 0.028724 0.032399 0.056892 0.997441
1305031453.591640 49.404636 256.787851 -337.433200 0.038879 0.035227 0.061519 0.996726
1305031453.627706 5.466519 257.022703 -430.270223 0.043877 0.038737 0.064886 0.996175
1305031453.659600 -23.157976 307.901118 -503.786522 0.053129 0.035045 0.064113 0.995911
1305031453.691678 -33.817956 391.069662 -566.262439 0.063039 0.028552 0.060113 0.995790
1305031453.727652 -60.283810 442.995746 -643.948469 0.067862 0.023045 0.054638 0.995931
1305031453.759694 -93.183943 484.513071 -726.907779 0.072716 0.013698 0.046067 0.996194
1305031453.791716 -85.043982 553.788382 -805.207269 0.078924 0.001032 0.038661 0.996130
1305031453.827773 -147.367165 590.879203 -850.190957 0.082128 -0.004462 0.031397 0.996117
1305031453.859705 -266.313824 650.797849 -887.849856 0.086052 -0.011965 0.023485 0.995942
1305031453.891710 -302.405426 693.246886 -953.763337 0.085835 -0.029384 0.017615 0.995720
1305031453.927723 -384.708727 725.633252 -980.076603 0.083990 -0.046515 0.013591 0.995288
1305031453.959641 -415.180784 727.919591 -1059.994091 0.079535 -0.064077 0.006080 0.994752
1305031453.991624 -377.010595 720.329201 -1110.017575 0.076216 -0.082185 -0.005673 0.993682
1305031454.027662 -454.568011 732.060339 -1144.972544 0.078583 -0.092799 -0.014759 0.992469
1305031454.059654 -494.186990 756.329291 -1147.640845 0.080244 -0.105837 -0.026051 0.990798
1305031454.091651 -586.660471 751.938881 -1143.462248 0.080121 -0.115104 -0.040082 0.989305
1305031454.127701 -651.219760 767.693976 -1147.152353 0.083868 -0.128821 -0.053122 0.986686
1305031454.159672 -724.026293 804.981221 -1159.141370 0.085842 -0.142904 -0.065563 0.983825
1305031454.191658 -774.131186 809.784043 -1189.865984 0.083352 -0.158840 -0.079820 0.980536
1305031454.227671 -750.322831 761.854253 -1138.224626 0.081885 -0.184098 -0.094387 0.974933
1305031454.259627 -785.146639 810.991734 -1108.877796 0.092081 -0.198249 -0.112080 0.969359
1305031454.291639 -842.738715 861.763510 -1115.650800 0.092975 -0.203933 -0.124115 0.966624
1305031454.327699 -893.628211 837.929623 -1124.650704 0.093367 -0.214983 -0.140390 0.961954
1305031454.359636 -914.791892 855.134110 -1127.356643 0.100299 -0.226699 -0.154096 0.956453
1305031454.391677 -959.863822 911.839764 -1145.123492 0.104718 -0.232569 -0.166455 0.952491
1305031454.427465 -991.116377 918.466707 -1157.842959 0.105688 -0.245403 -0.180712 0.946547
1305031454.459913 -952.583705 929.055195 -1112.342105 0.106007 -0.259915 -0.190330 0.940735
1305031454.491617 -969.889474 950.785710 -1124.983289 0.107771 -0.264698 -0.205489 0.935999
1305031454.527700 -975.719756 983.715959 -1132.012718 0.107712 -0.271532 -0.220293 0.930666
1305031454.559575 -995.335420 1026.655070 -1152.035872 0.105842 -0.276569 -0.232765 0.926352
1305031454.591635 -1021.094370 1057.941245 -1154.953851 0.104291 -0.287239 -0.250344 0.918665
1305031454.627580 -1024.190805 1082.410509 -1158.867319 0.104013 -0.300777 -0.265436 0.910087
1305031454.659528 -1013.781468 1131.290442 -1169.682363 0.100127 -0.312797 -0.273479 0.904070
1305031454.691884 -1007.351189 1147.670109 -1134.024146 0.093000 -0.329737 -0.280515 0.896625
1305031454.727659 -975.038528 1147.557739 -1096.691969 0.088103 -0.346475 -0.286179 0.888985
1305031454.759732 -936.655901 1170.602250 -1059.274853 0.082472 -0.355444 -0.282450 0.887176
1305031454.791641 -910.749341 1210.506916 -1057.091572 0.077942 -0.358646 -0.275111 0.888601
1305031454.827570 -869.658382 1260.633059 -1033.580465 0.073896 -0.361673 -0.268072 0.889871
1305031454.859620 -843.113539 1290.359876 -1042.985691 0.067323 -0.358791 -0.261605 0.893476
1305031454.891764 -822.202590 1339.663318 -1034.979641 0.064032 -0.354629 -0.254048 0.897551
1305031454.927567 -809.721951 1393.091527 -1049.433577 0.060541 -0.348447 -0.247847 0.901938
1305031454.959648 -813.486908 1434.122447 -1064.557896 0.056360 -0.342867 -0.241693 0.906008
1305031454.991937 -824.681691 1476.635009 -1109.465139 0.052926 -0.338191 -0.235877 0.909499
1305031455.027799 -821.788019 1540.287890 -1122.255903 0.053156 -0.337818 -0.231809 0.910669
1305031455.059636 -833.968968 1573.425381 -1129.227342 0.051086 -0.335583 -0.229511 0.912195
1305031455.091700 -856.267574 1626.311928 -1162.586022 0.053936 -0.331111 -0.228134 0.914008
1305031455.127695 -875.591198 1694.515862 -1184.152420 0.056548 -0.326430 -0.226325 0.915982
1305031455.159720 -918.737781 1742.163180 -1228.004680 0.055186 -0.320591 -0.222435 0.919075
1305031455.191655 -964.809748 1790.857058 -1251.921312 0.051617 -0.316734 -0.216710 0.921983
1305031455.227581 -1009.660696 1828.411135 -1264.409517 0.050505 -0.314214 -0.209906 0.924478
1305031455.259631 -1040.220051 1890.370227 -1286.217566 0.048744 -0.309947 -0.203911 0.927349
1305031455.291831 -1102.312945 1912.245761 -1318.036242 0.039005 -0.303499 -0.195264 0.931793
1305031455.327766 -1159.731277 1972.600655 -1372.445308 0.033797 -0.299292 -0.184109 0.935621
1305031455.359630 -1194.721806 2002.911674 -1383.874873 0.023722 -0.298798 -0.177167 0.937427
1305031455.391665 -1245.983539 2015.464625 -1387.047728 0.012592 -0.292966 -0.169515 0.940891
1305031455.427642 -1320.296604 2035.726770 -1450.932048 0.003852 -0.283604 -0.159458 0.945583
1305031455.459589 -1378.809679 2031.870775 -1461.008291 -0.003518 -0.281919 -0.148516 0.947867
1305031455.491637 -1434.387665 2060.300136 -1505.531930 -0.007593 -0.278027 -0.138304 0.950534
1305031455.527610 -1506.870136 2053.120158 -1539.141743 -0.014944 -0.275232 -0.123972 0.953234
1305031455.559669 -1585.245485 2065.001196 -1598.530738 -0.017753 -0.275007 -0.110202 0.954941
1305031455.591645 -1634.797506 2079.473280 -1657.718147 -0.021148 -0.276691 -0.095569 0.955961
1305031455.627617 -1700.137392 2059.316551 -1684.648213 -0.028140 -0.276163 -0.082651 0.957137
1305031455.659615 -1780.962996 2039.877888 -1753.148920 -0.026567 -0.272929 -0.076112 0.958651
1305031455.691605 -1859.654134 2064.592510 -1841.178153 -0.020102 -0.268707 -0.076794 0.959945
1305031455.727628 -1922.870447 2062.848221 -1890.253013 -0.017042 -0.265805 -0.080620 0.960499
1305031455.759683 -1989.271704 2065.530835 -1952.538746 -0.014254 -0.259853 -0.083551 0.961921
1305031455.791666 -2052.039907 2024.364189 -2013.979299 -0.014055 -0.254908 -0.081304 0.963439
1305031455.827590 -2117.037148 2019.317024 -2102.951152 -0.010857 -0.250387 -0.079828 0.964788
1305031455.859526 -2168.749340 2011.649083 -2157.256097 -0.009495 -0.248984 -0.080418 0.965116
1305031455.891657 -2211.354632 2000.336323 -2210.922519 -0.008532 -0.246754 -0.080332 0.965705
1305031455.927955 -2253.117879 1978.149723 -2255.996512 -0.009557 -0.243987 -0.079922 0.966432
1305031455.959716 -2298.962748 1987.274527 -2317.768222 -0.006955 -0.239827 -0.081755 0.967342
1305031455.991694 -2336.185506 1978.089798 -2353.075788 -0.008373 -0.235945 -0.083961 0.968096
1305031456.027770 -2374.375723 1992.969895 -2406.907705 -0.011546 -0.229595 -0.088789 0.969159
1305031456.059713 -2434.847447 1955.018052 -2428.313214 -0.021238 -0.224249 -0.096956 0.969464
1305031456.091707 -2490.855208 1908.188361 -2461.504741 -0.027182 -0.219492 -0.102982 0.969783
1305031456.127645 -2531.435251 1878.686092 -2483.187177 -0.028551 -0.215960 -0.104082 0.970419
1305031456.159731 -2560.135383 1822.579690 -2490.785638 -0.030924 -0.211955 -0.104900 0.971141
1305031456.191658 -2580.403339 1784.467303 -2477.927716 -0.027090 -0.206979 -0.100462 0.972797
1305031456.227678 -2614.277274 1823.659147 -2524.492080 -0.020396 -0.196395 -0.097750 0.975427
1305031456.291675 -2729.012188 1755.962184 -2513.502402 -0.020318 -0.174200 -0.089997 0.980379
1305031456.327718 -2770.533293 1724.250611 -2500.551202 -0.017038 -0.164797 -0.082762 0.982701
1305031456.391619 -2876.955698 1688.628364 -2474.767523 -0.013855 -0.140616 -0.072591 0.987302
1305031456.427662 -2961.351381 1684.034208 -2450.270471 -0.007517 -0.129238 -0.064537 0.989483
1305031456.491677 -3145.438106 1737.018350 -2441.085319 -0.012858 -0.119479 -0.051148 0.991435
1305031456.527641 -3209.483477 1725.447457 -2406.072728 -0.020081 -0.121540 -0.045742 0.991329
1305031456.591651 -3296.070496 1736.946925 -2297.842011 -0.022549 -0.120729 -0.033620 0.991860
1305031456.627612 -3350.852189 1771.095744 -2264.576755 -0.035475 -0.115910 -0.027483 0.992246
1305031456.691612 -3492.341101 1687.406189 -2152.537313 -0.051575 -0.108474 -0.013834 0.992664
1305031456.727693 -3572.192103 1739.689215 -2128.224194 -0.055532 -0.106503 -0.003663 0.992754
1305031456.791649 -3665.316448 1669.996110 -2019.900813 -0.063820 -0.123483 0.013139 0.990205
1305031456.827603 -3692.018030 1746.159005 -1986.502032 -0.062404 -0.129086 0.022114 0.989421
1305031456.891672 -3777.730060 1683.115664 -1871.216288 -0.078043 -0.129188 0.031483 0.988043
1305031456.927690 -3833.767624 1698.778379 -1852.327603 -0.074102 -0.123946 0.038612 0.988765
1305031456.959667 -3901.518446 1772.889899 -1854.318581 -0.073235 -0.117599 0.045054 0.989332
1305031456.991709 -3972.782176 1757.461877 -1819.491626 -0.083030 -0.112984 0.047338 0.988989
1305031457.027648 -4017.111891 1754.031591 -1796.745942 -0.085759 -0.110682 0.051511 0.988808
1305031457.091655 -4132.140919 1772.879023 -1800.678170 -0.099421 -0.100234 0.060627 0.988126
1305031457.127632 -4186.259469 1741.634938 -1810.038827 -0.103173 -0.093960 0.063684 0.988166
1305031457.191735 -4292.843553 1741.006285 -1869.221513 -0.101824 -0.078950 0.077243 0.988652
1305031457.227543 -4341.150090 1716.507056 -1897.898472 -0.107399 -0.072812 0.082963 0.988069
1305031457.291656 -4431.590262 1663.593526 -1988.032935 -0.099618 -0.058292 0.096306 0.988637
1305031457.327548 -4487.982116 1681.382356 -2049.472322 -0.095748 -0.047907 0.101856 0.989021
1305031457.391684 -4606.313523 1640.167376 -2145.180679 -0.090819 -0.024482 0.115559 0.988837
1305031457.427641 -4664.365152 1649.385773 -2213.137547 -0.086347 -0.017394 0.123919 0.988375
1305031457.491705 -4766.010039 1616.211955 -2312.801690 -0.082775 -0.013638 0.132313 0.987652
1305031457.527638 -4796.637127 1595.592428 -2372.808255 -0.078006 -0.011892 0.136382 0.987509
1305031457.559685 -4855.539645 1594.586584 -2434.478043 -0.072278 -0.006312 0.140009 0.987488
1305031457.591678 -4939.142823 1596.682729 -2496.733085 -0.067441 -0.000021 0.144045 0.987270
1305031457.627526 -4985.919283 1550.055177 -2547.675901 -0.068015 0.001732 0.146959 0.986800
1305031457.659632 -5041.990881 1569.224195 -2593.814487 -0.062408 0.003438 0.151742 0.986442
1305031457.691570 -5110.363413 1543.731696 -2638.076279 -0.067059 0.004295 0.154317 0.985734
1305031457.727669 -5140.052844 1465.022734 -2673.993182 -0.069755 0.004088 0.153359 0.985697
1305031457.759556 -5183.008149 1415.523354 -2712.752945 -0.066682 0.005744 0.152329 0.986061
1305031457.791567 -5189.972405 1329.386523 -2748.218532 -0.061385 0.008406 0.152337 0.986385
1305031457.827699 -5279.104569 1359.232059 -2813.728929 -0.047312 0.019361 0.153114 0.986885
1305031457.859623 -5344.936883 1299.246329 -2848.787564 -0.046703 0.029077 0.153538 0.986610
1305031457.891593 -5377.221853 1244.403859 -2895.113318 -0.038299 0.035428 0.159069 0.985888
1305031457.927633 -5466.248370 1214.212077 -2934.697934 -0.024838 0.042300 0.163658 0.985297
1305031457.991644 -5564.906988 1138.257020 -2970.700878 -0.013755 0.043959 0.171097 0.984177
1305031458.027845 -5625.355792 1091.081496 -2970.247228 -0.004578 0.048847 0.172433 0.983799
1305031458.059689 -5698.583055 1160.387223 -2973.694593 0.009195 0.053922 0.176007 0.982868
1305031458.091690 -5791.365591 1148.664991 -2965.755682 0.009456 0.059977 0.177069 0.982324
1305031458.127605 -5877.427881 1091.305944 -2937.560061 0.007154 0.065196 0.177271 0.981974
1305031458.159638 -5957.987494 1051.421404 -2901.631899 0.009180 0.068348 0.179518 0.981335
1305031458.191646 -6047.377459 1065.496598 -2881.861188 0.011098 0.068064 0.184780 0.980357
1305031458.227611 -6101.135537 1018.081638 -2835.349012 0.002743 0.063459 0.184587 0.980762
1305031458.259934 -6124.165528 962.922129 -2807.788982 0.003542 0.056879 0.183950 0.981282
1305031458.291664 -6244.284178 926.796701 -2743.106775 0.014220 0.055738 0.182774 0.981471
1305031458.327628 -6302.292484 891.063861 -2738.351341 0.015799 0.049361 0.187587 0.980880
1305031458.359590 -6344.315156 773.080617 -2682.141022 0.019873 0.044433 0.187767 0.981007
1305031458.391626 -6403.115859 797.623920 -2635.578994 0.034736 0.041880 0.190823 0.980115
1305031458.427598 -6450.163178 779.987072 -2567.678656 0.041983 0.042387 0.199078 0.978166
1305031458.459637 -6419.636977 726.466265 -2493.656773 0.051247 0.044629 0.211037 0.975113
1305031458.491696 -6430.553191 685.577289 -2423.580942 0.069985 0.055253 0.213447 0.972877
1305031458.527737 -6422.169907 681.301391 -2352.378427 0.084770 0.062440 0.219428 0.969931
1305031458.559628 -6489.079757 695.719712 -2267.673690 0.092847 0.073357 0.217400 0.968884
1305031458.591641 -6531.516332 674.864235 -2170.042956 0.100528 0.078672 0.211957 0.968906
1305031458.627659 -6652.807483 774.187758 -2100.267993 0.107622 0.082246 0.207549 0.968801
1305031458.659623 -6769.519458 759.717593 -1996.068447 0.101763 0.080973 0.207274 0.969601
1305031458.691674 -6814.414063 755.839753 -1906.948786 0.097523 0.065205 0.198715 0.973011
1305031458.727650 -6764.822354 716.733587 -1794.994209 0.095937 0.046968 0.190636 0.975832
1305031458.759945 -6808.068977 740.357524 -1722.684826 0.105440 0.033018 0.180200 0.977405
1305031458.791632 -6794.696560 790.547554 -1725.276886 0.107449 0.014350 0.170018 0.979460
1305031458.827564 -6758.863710 781.094609 -1639.693522 0.101669 0.002120 0.169307 0.980303
1305031458.891665 -6739.156259 756.832868 -1544.003542 0.110126 -0.002579 0.161208 0.980754
1305031458.927621 -6792.972971 775.439740 -1511.648570 0.108078 0.004825 0.170261 0.979442
1305031458.959617 -6844.461033 713.231162 -1481.024272 0.096375 0.012011 0.182290 0.978437
1305031458.991647 -6878.732821 606.878363 -1417.131646 0.096664 0.015468 0.184693 0.977909
1305031459.027665 -6985.093980 580.548681 -1381.163459 0.108853 0.016724 0.185005 0.976547
1305031459.059631 -7104.609102 526.835520 -1313.167584 0.117683 0.013276 0.193863 0.973854
1305031459.127618 -7252.838420 430.923143 -1184.019888 0.145014 -0.028333 0.211206 0.966209
1305031459.159639 -7274.569243 440.396844 -1117.359266 0.157585 -0.055946 0.215691 0.962037
1305031459.191674 -7279.447476 425.386236 -1152.857625 0.162470 -0.075758 0.218164 0.959306
1305031459.227607 -7324.494932 432.482968 -1058.569296 0.166347 -0.089105 0.227603 0.955294
1305031459.259760 -7360.582789 441.137814 -928.292935 0.167316 -0.094240 0.238135 0.952059
1305031459.327632 -7403.093898 423.251643 -927.396849 0.152451 -0.066073 0.271475 0.947995
1305031459.359651 -7516.734061 397.478107 -998.090044 0.149022 -0.038497 0.291407 0.944136
1305031459.391667 -7587.453839 456.931426 -989.404231 0.137959 -0.012482 0.322631 0.936334
1305031459.427646 -7605.575334 485.074251 -858.846437 0.120441 0.016020 0.353400 0.927548
1305031459.459679 -7679.978897 442.132818 -849.396250 0.106409 0.054507 0.392929 0.911764
1305031459.527594 -7842.237363 449.245303 -803.437967 0.073135 0.096543 0.453524 0.882976
1305031459.559647 -7878.956993 428.708787 -827.765936 0.062219 0.108165 0.478776 0.869024
1305031459.591695 -7972.359006 390.837370 -832.281700 0.055647 0.116228 0.495105 0.859224
1305031459.627608 -8000.909973 344.503305 -837.338925 0.047458 0.115545 0.504012 0.854616
1305031459.659641 -8062.179789 352.234826 -822.017169 0.048624 0.121575 0.504824 0.853234
1305031459.691604 -8139.027323 295.937000 -828.984360 0.039272 0.133432 0.509292 0.849279
1305031459.727551 -8194.888873 188.263428 -836.921888 0.029452 0.142906 0.511345 0.846899
1305031459.791650 -8323.126528 46.792529 -866.233399 0.031621 0.152064 0.505422 0.848779
1305031459.827664 -8398.379933 -30.180617 -860.641562 0.031315 0.153544 0.502942 0.849996
1305031459.859660 -8474.204231 -110.225233 -858.232613 0.027798 0.152585 0.501082 0.851388
1305031459.891596 -8498.794354 -156.054877 -858.878916 0.026292 0.144218 0.504814 0.850690
1305031459.927607 -8502.057270 -198.204404 -861.638938 0.027015 0.137212 0.507424 0.850273
1305031459.991725 -8576.507872 -305.256300 -859.216041 0.026361 0.130431 0.515605 0.846430
1305031460.027565 -8592.373958 -348.756065 -828.132403 0.027429 0.129110 0.516405 0.846111
1305031460.059659 -8639.540062 -409.164310 -833.317764 0.030476 0.129257 0.518425 0.844748
1305031460.091717 -8686.353747 -486.927125 -836.995812 0.033665 0.125030 0.524202 0.841693
1305031460.127690 -8703.623091 -573.848943 -808.821056 0.038167 0.117744 0.532654 0.837233
1305031460.159678 -8731.717429 -632.723763 -795.084003 0.044976 0.111215 0.539879 0.833150
1305031460.191559 -8727.241874 -634.425128 -752.322789 0.047737 0.101243 0.545274 0.830751
1305031460.227761 -8689.721423 -681.910370 -717.729970 0.047145 0.099502 0.549136 0.828448
1305031460.291689 -8676.869589 -780.926514 -685.940201 0.046773 0.115235 0.549221 0.826371
1305031460.327512 -8683.193191 -836.391094 -670.113439 0.046766 0.124619 0.550223 0.824341
1305031460.391611 -8662.497810 -898.634336 -642.212619 0.040624 0.139968 0.555573 0.818595
1305031460.427477 -8657.752395 -928.085770 -650.549097 0.039993 0.148063 0.560487 0.813838
1305031460.459620 -8640.021699 -946.903410 -663.081729 0.036106 0.157527 0.564380 0.809541
1305031460.491504 -8684.964115 -951.030963 -629.696305 0.032250 0.172347 0.567835 0.804251
1305031460.527570 -8675.886297 -1018.526777 -613.399843 0.021452 0.182929 0.576409 0.796134
1305031460.559647 -8657.673385 -1091.893714 -577.681505 0.011553 0.193389 0.580027 0.791225
1305031460.591855 -8671.526487 -1142.685795 -555.155445 0.007103 0.203535 0.579669 0.788991
1305031460.627625 -8664.566163 -1209.357227 -547.084429 0.001636 0.211893 0.581277 0.785631
1305031460.659764 -8686.855845 -1271.464142 -510.977505 -0.001213 0.222207 0.579394 0.784172
1305031460.691671 -8724.222289 -1339.147685 -480.278956 -0.004608 0.228698 0.579456 0.782245
1305031460.727675 -8728.790283 -1383.437823 -459.222985 -0.008364 0.230005 0.580073 0.781373
1305031460.759667 -8726.229043 -1428.543102 -422.199839 -0.010732 0.235625 0.578494 0.780840
1305031460.791660 -8749.462472 -1496.329583 -392.798015 -0.013378 0.240877 0.577092 0.780233
1305031460.827660 -8750.316968 -1535.505087 -355.263815 -0.017110 0.241701 0.574702 0.781668
1305031460.859714 -8742.045599 -1577.354476 -333.487353 -0.023182 0.243667 0.572093 0.782815
1305031460.891774 -8735.741116 -1639.701102 -306.707354 -0.029739 0.247810 0.570217 0.782661
1305031460.927562 -8749.581804 -1701.670922 -256.540381 -0.034389 0.251288 0.568790 0.782400
1305031460.991668 -8679.066034 -1786.708480 -217.364961 -0.035547 0.252417 0.571883 0.779726
1305031461.027620 -8696.823693 -1804.288868 -195.714572 -0.029058 0.254852 0.571695 0.779340
1305031461.091728 -8688.256038 -1857.966065 -127.496562 -0.022285 0.253729 0.572620 0.779251
1305031461.127586 -8644.687447 -1876.039355 -126.733723 -0.021662 0.250623 0.571622 0.781004
1305031461.159720 -8615.986491 -1928.415200 -79.897916 -0.019685 0.253584 0.569420 0.781709
1305031461.192013 -8614.596729 -1947.346917 -43.413401 -0.015499 0.255340 0.564895 0.784509
1305031461.227607 -8607.382147 -1968.607412 -15.716184 -0.013758 0.257103 0.562547 0.785652
1305031461.259642 -8573.763311 -2007.683397 27.966777 -0.012241 0.258707 0.560574 0.786561
1305031461.291656 -8564.877670 -2016.111867 53.731973 -0.008433 0.259625 0.555040 0.790224
1305031461.327751 -8541.823056 -2021.994504 80.353421 -0.007234 0.261847 0.551342 0.792090
1305031461.359709 -8577.854807 -2001.015041 86.053830 -0.006180 0.264635 0.547771 0.793648
1305031461.391708 -8524.173122 -2016.257910 127.523908 -0.011773 0.263209 0.550300 0.792308
1305031461.427624 -8490.408485 -2024.061561 143.797991 -0.012235 0.263127 0.548165 0.793807
1305031461.459781 -8524.190206 -1980.304813 150.379176 -0.010291 0.262506 0.547853 0.794256
1305031461.491677 -8444.237122 -2014.118125 147.682890 -0.016221 0.259905 0.548431 0.794613
1305031461.527705 -8445.618549 -2010.909149 156.540911 -0.011108 0.263306 0.545580 0.795543
1305031461.559677 -8402.493398 -2017.831111 148.946536 -0.018067 0.263848 0.540380 0.798778
1305031461.591690 -8404.275140 -1984.223026 138.847390 -0.016322 0.272188 0.536474 0.798651
1305031461.627541 -8399.722214 -1958.373049 141.420197 -0.019467 0.278233 0.536080 0.796759
1305031461.659622 -8397.873079 -1926.734689 142.952840 -0.021243 0.283047 0.535117 0.795665
1305031461.691563 -8419.878444 -1898.492380 160.342586 -0.023385 0.287789 0.538157 0.791845
1305031461.727602 -8392.437634 -1850.137285 171.936883 -0.026200 0.287689 0.542526 0.788806
1305031461.759684 -8397.371122 -1817.005351 144.843296 -0.028117 0.289006 0.543916 0.787300
1305031461.791612 -8391.951804 -1783.255780 161.480975 -0.036172 0.292302 0.545780 0.784459
1305031461.827615 -8394.716015 -1745.805217 152.352585 -0.039883 0.297583 0.548428 0.780436
1305031461.859767 -8430.854971 -1693.798530 129.284812 -0.042537 0.302021 0.551760 0.776231
1305031461.891723 -8458.117724 -1658.264400 141.973530 -0.049815 0.304946 0.561506 0.767618
1305031461.927758 -8456.018454 -1621.136039 144.800226 -0.058363 0.302482 0.569307 0.762226
1305031461.959703 -8445.322336 -1531.468613 115.939641 -0.063614 0.303785 0.571129 0.759921
1305031461.991590 -8474.400641 -1527.316130 87.117728 -0.079893 0.308729 0.574183 0.754067
1305031462.027675 -8463.099147 -1543.444983 121.653345 -0.097265 0.308096 0.582316 0.746006
1305031462.059837 -8465.323100 -1527.856789 129.838294 -0.104283 0.302624 0.593181 0.738702
1305031462.091777 -8473.787836 -1488.477170 124.903117 -0.107737 0.296048 0.603070 0.732841
1305031462.127739 -8483.760472 -1448.022077 104.096878 -0.111665 0.290953 0.612234 0.726668
1305031462.159646 -8499.055615 -1431.866206 97.867056 -0.116610 0.288587 0.617589 0.722290
1305031462.191641 -8528.560783 -1396.528543 90.411724 -0.120029 0.287130 0.616758 0.723021
1305031462.227633 -8562.213100 -1371.693402 93.943689 -0.127029 0.287324 0.616583 0.721896
1305031462.259765 -8584.169130 -1377.673900 96.965912 -0.135690 0.285675 0.616270 0.721242
1305031462.291629 -8621.501174 -1365.443596 102.393614 -0.142610 0.282370 0.612421 0.724479
1305031462.327540 -8638.030209 -1347.862255 89.070366 -0.151484 0.276928 0.608315 0.728228
1305031462.359732 -8685.630799 -1323.628645 97.881192 -0.159009 0.274978 0.601805 0.732758
1305031462.391695 -8741.906356 -1299.473603 110.965903 -0.166326 0.269764 0.597364 0.736695
1305031462.427635 -8783.723751 -1288.068686 121.857275 -0.175127 0.262670 0.593299 0.740494
1305031462.459897 -8828.274838 -1270.905072 120.185080 -0.182192 0.252860 0.589035 0.745591
1305031462.492008 -8836.859783 -1249.571921 90.682096 -0.191940 0.237967 0.588092 0.748784
1305031462.527670 -8863.848216 -1261.692185 95.920914 -0.198885 0.230263 0.586362 0.750735
1305031462.559862 -8878.662942 -1259.248468 89.794910 -0.204249 0.220122 0.581553 0.756059
1305031462.591862 -8896.897651 -1254.202043 52.833928 -0.207828 0.213280 0.574554 0.762369
1305031462.627851 -8911.904778 -1256.217231 16.857508 -0.211352 0.208145 0.567670 0.767957
1305031462.659660 -8929.726339 -1258.634081 -16.758088 -0.213192 0.206037 0.559127 0.774258
1305031462.692548 -8974.833582 -1255.270859 -44.728798 -0.210815 0.205645 0.550161 0.781402
1305031462.727652 -9015.951118 -1251.606534 -80.663832 -0.210321 0.200041 0.540810 0.789476
1305031462.759782 -9044.700216 -1229.062673 -137.602976 -0.209166 0.191180 0.532085 0.797863
1305031462.791943 -9067.825319 -1206.202973 -194.340821 -0.209387 0.184765 0.525456 0.803689
1305031462.827816 -9103.631436 -1179.067493 -250.160326 -0.209723 0.179643 0.521003 0.807651
1305031462.859782 -9123.691465 -1147.274740 -277.096736 -0.214933 0.177338 0.514999 0.810636
1305031462.891847 -9135.754362 -1140.547649 -344.724281 -0.219033 0.177731 0.511290 0.811800
1305031462.927607 -9139.192402 -1128.442215 -403.933969 -0.221503 0.178710 0.510018 0.811715
1305031462.959676 -9147.817860 -1130.596795 -422.384295 -0.225527 0.181867 0.507369 0.811565
1305031462.995550 -9131.301496 -1110.131779 -482.621465 -0.223040 0.178939 0.504283 0.814821
1305031463.027667 -9144.143631 -1084.699005 -544.139058 -0.216149 0.179195 0.497649 0.820679
1305031463.059810 -9156.230387 -1057.596925 -620.057051 -0.209770 0.175216 0.491701 0.826757
1305031463.095809 -9151.677460 -1052.988419 -673.957411 -0.210362 0.171891 0.485431 0.830999
1305031463.127550 -9142.212638 -1041.007482 -735.156990 -0.207666 0.171956 0.476728 0.836682
1305031463.159787 -9150.142699 -1003.522083 -813.870922 -0.200353 0.171242 0.468710 0.843117
1305031463.195657 -9157.920739 -966.874895 -882.573750 -0.198772 0.170323 0.462453 0.847123
1305031463.227784 -9110.433725 -953.221351 -936.032797 -0.202562 0.166724 0.458204 0.849247
1305031463.260034 -9086.448371 -911.322198 -1000.347433 -0.195322 0.167620 0.455198 0.852378
1305031463.295737 -9107.944075 -883.131634 -1046.126422 -0.192502 0.171832 0.448310 0.855824
1305031463.327739 -9066.964596 -852.389918 -1094.457458 -0.193305 0.167004 0.446004 0.857801
1305031463.359750 -9037.307828 -828.329992 -1136.589248 -0.187680 0.165189 0.443892 0.860494
1305031463.395630 -9019.962407 -767.242095 -1201.214958 -0.180092 0.160939 0.442011 0.863882
1305031463.427716 -8978.289901 -722.207671 -1254.757038 -0.179628 0.156763 0.440064 0.865738
1305031463.459756 -8943.801624 -685.815511 -1318.720600 -0.180427 0.156535 0.436119 0.867608
1305031463.495629 -8906.599725 -659.225701 -1376.849324 -0.183075 0.158724 0.435330 0.867051
1305031463.527670 -8847.868152 -633.554191 -1423.347393 -0.185047 0.163752 0.432074 0.867327
1305031463.559751 -8822.532628 -612.423266 -1479.946924 -0.183484 0.169540 0.430771 0.867195
1305031463.595600 -8791.390848 -564.286672 -1518.152216 -0.182571 0.169084 0.429888 0.867914
1305031463.627588 -8718.568263 -555.902675 -1573.302880 -0.183375 0.168066 0.427168 0.869284
1305031463.659766 -8671.887401 -510.701891 -1630.162614 -0.173306 0.172469 0.424903 0.871594
1305031463.695640 -8672.203018 -468.524555 -1657.154976 -0.166247 0.177898 0.422833 0.872884
1305031463.727588 -8578.561145 -443.209933 -1708.295990 -0.167734 0.175971 0.419170 0.874755
1305031463.759674 -8509.023781 -401.242440 -1740.716156 -0.159563 0.181795 0.413834 0.877629
1305031463.795647 -8505.548990 -402.762243 -1781.876772 -0.154080 0.191432 0.402438 0.881849
1305031463.827761 -8429.844448 -396.650733 -1855.697315 -0.154066 0.191394 0.391853 0.886613
1305031463.859910 -8351.284820 -403.290466 -1919.083592 -0.152382 0.193637 0.380887 0.891185
1305031463.895648 -8336.521930 -361.141038 -1973.503660 -0.143508 0.198956 0.371152 0.895583
1305031463.927664 -8281.441732 -352.528668 -2020.127394 -0.140756 0.198534 0.366329 0.898095
1305031463.959680 -8215.375645 -369.361195 -2088.811844 -0.137936 0.195244 0.361859 0.901061
1305031463.995821 -8151.970017 -366.578194 -2164.512784 -0.131562 0.192509 0.355529 0.905114
1305031464.027703 -8097.515911 -349.440081 -2242.576380 -0.126998 0.188843 0.348152 0.909395
1305031464.059652 -8017.521511 -362.422581 -2305.292066 -0.125773 0.187219 0.339312 0.913235
1305031464.095634 -7976.123211 -374.770510 -2373.301654 -0.120546 0.189920 0.329932 0.916812
1305031464.127681 -7948.444517 -412.257050 -2441.773849 -0.118193 0.190530 0.324269 0.919010
1305031464.159817 -7897.273687 -446.893752 -2479.162999 -0.112640 0.187259 0.324216 0.920397
1305031464.195585 -7861.830203 -473.971275 -2541.910219 -0.100436 0.181899 0.321984 0.923662
1305031464.227624 -7867.339240 -463.096772 -2618.278010 -0.085483 0.174696 0.319631 0.927367
1305031464.259644 -7888.485747 -463.494421 -2659.668600 -0.075888 0.164527 0.317633 0.930742
1305031464.295667 -7844.015085 -454.508490 -2717.611772 -0.069516 0.147389 0.314696 0.935099
1305031464.327866 -7771.795594 -441.769512 -2778.077744 -0.064938 0.132643 0.308937 0.939546
1305031464.359684 -7719.767980 -454.677882 -2818.513034 -0.059566 0.125164 0.303161 0.942804
1305031464.395611 -7704.612123 -467.446826 -2815.169745 -0.055838 0.124987 0.292292 0.946481
1305031464.427634 -7654.899576 -423.931759 -2876.618205 -0.051546 0.123866 0.282137 0.949947
1305031464.459689 -7601.750408 -447.403893 -2941.004238 -0.049489 0.122083 0.273330 0.952858
1305031464.495633 -7514.589662 -433.777364 -3011.514294 -0.046633 0.118327 0.267513 0.955123
1305031464.527574 -7491.876922 -412.512131 -3081.451555 -0.043260 0.119865 0.259582 0.957276
1305031464.559703 -7420.303103 -407.396115 -3157.881650 -0.044762 0.116110 0.248021 0.960729
1305031464.595698 -7298.710156 -437.027798 -3244.712056 -0.042923 0.118435 0.233769 0.964097
1305031464.627672 -7185.803977 -448.141442 -3338.143827 -0.035362 0.127711 0.224542 0.965412
1305031464.659749 -7159.836684 -419.565348 -3348.343363 -0.025184 0.141316 0.211108 0.966865
1305031464.695663 -7221.878426 -485.851194 -3399.203111 -0.014875 0.159528 0.190287 0.968566
1305031464.727652 -7173.077472 -475.762230 -3447.582245 0.003946 0.167006 0.174744 0.970339
1305031464.759740 -7253.768135 -383.572913 -3491.333413 0.022372 0.171994 0.154369 0.972670
1305031464.796021 -7269.624582 -410.865163 -3439.582050 0.030139 0.169956 0.134899 0.975709
1305031464.827759 -7274.719945 -399.660262 -3429.790295 0.043456 0.159854 0.121608 0.978657
1305031464.859654 -7236.346017 -316.486737 -3442.031748 0.054985 0.141388 0.103572 0.982985
1305031464.895817 -7175.249887 -307.837889 -3443.752250 0.053993 0.124357 0.084068 0.987194
1305031464.927799 -7106.716960 -385.905558 -3370.884940 0.049474 0.112524 0.060809 0.990552
1305031464.959763 -6996.862829 -447.823778 -3363.806230 0.051381 0.104807 0.040306 0.992346
1305031464.995687 -6875.595089 -407.130772 -3354.105885 0.059304 0.099975 0.021341 0.992992
1305031465.027823 -6829.615729 -390.973023 -3301.627699 0.063373 0.099926 -0.001076 0.992974
1305031465.059749 -6868.170246 -305.391896 -3193.982029 0.072191 0.098012 -0.019417 0.992373
1305031465.095700 -6759.091114 -116.218785 -3137.482426 0.075372 0.082152 -0.029342 0.993332
1305031465.127664 -6689.917350 -16.043670 -3060.760676 0.062066 0.067331 -0.044742 0.994793
1305031465.159842 -6663.496563 2.796710 -2985.824149 0.045896 0.056448 -0.051403 0.996025
1305031465.195564 -6581.788284 72.082992 -2897.877590 0.036388 0.044066 -0.057102 0.996731
1305031465.227907 -6516.565423 84.075531 -2832.800472 0.021409 0.033864 -0.063553 0.997174
1305031465.259807 -6508.539428 75.614735 -2726.469291 0.006723 0.027372 -0.067372 0.997330
1305031465.295623 -6479.268637 174.614960 -2666.208468 0.005522 0.020559 -0.057929 0.998094
1305031465.327674 -6407.951296 276.507473 -2588.579511 0.001524 0.006866 -0.044038 0.999005
1305031465.359948 -6340.962700 270.148144 -2521.972517 -0.005234 -0.010059 -0.034795 0.999330
1305031465.395586 -6218.681483 325.314773 -2487.704842 -0.002626 -0.029875 -0.023095 0.999283
1305031465.427697 -6106.817826 375.693043 -2491.670475 -0.000069 -0.043730 -0.014371 0.998940
1305031465.460125 -5998.717188 470.349854 -2501.058535 0.004674 -0.055432 -0.000607 0.998451
1305031465.495703 -5894.676062 597.227893 -2507.552011 0.006252 -0.066490 0.009794 0.997719
1305031465.527622 -5827.001867 605.255655 -2500.393217 0.003016 -0.074262 0.011363 0.997169
1305031465.559812 -5705.674177 673.187997 -2517.991741 0.010147 -0.083891 0.017377 0.996272
1305031465.595599 -5580.070793 770.528020 -2541.860576 0.016725 -0.089744 0.026873 0.995462
1305031465.627688 -5518.643592 859.614821 -2570.919796 0.022079 -0.091916 0.035795 0.994878
1305031465.660060 -5481.578815 924.367338 -2598.258538 0.026020 -0.097437 0.042029 0.994013
1305031465.695668 -5305.975250 1030.189536 -2610.069681 0.033478 -0.109234 0.049230 0.992232
1305031465.727682 -5218.665632 1143.358751 -2623.055328 0.042758 -0.111619 0.056848 0.991202
1305031465.759766 -5124.459243 1259.006903 -2653.241543 0.050762 -0.115530 0.066366 0.989784
1305031465.795937 -5041.598095 1371.088821 -2684.653461 0.057358 -0.116904 0.071038 0.988937
1305031465.827996 -5017.895123 1383.985451 -2705.759787 0.060737 -0.112878 0.077545 0.988714
1305031465.859861 -4923.333461 1522.444786 -2719.414165 0.072679 -0.114099 0.081918 0.987415
1305031465.895494 -4847.047737 1680.512411 -2728.953262 0.079419 -0.108182 0.079730 0.987741
1305031465.927495 -4792.644146 1727.138417 -2751.687292 0.082474 -0.097457 0.078586 0.988698
1305031465.959710 -4766.656011 1854.709270 -2803.354547 0.095283 -0.084215 0.074623 0.989070
1305031465.995753 -4775.820133 1993.421521 -2870.594268 0.104870 -0.070723 0.070300 0.989474
1305031466.027644 -4714.997078 2109.803027 -2959.818309 0.110437 -0.066049 0.067888 0.989359
1305031466.059757 -4692.280611 2259.414870 -2988.206169 0.112417 -0.061087 0.065030 0.989647
1305031466.095840 -4636.211813 2360.793721 -3053.836421 0.107637 -0.062257 0.065597 0.990068
1305031466.127640 -4579.636449 2467.080133 -3095.870369 0.103059 -0.066443 0.063927 0.990393
1305031466.160428 -4507.286639 2534.145295 -3161.580835 0.096267 -0.072380 0.065131 0.990581
1305031466.195833 -4447.374087 2590.471254 -3231.989172 0.086154 -0.081677 0.067123 0.990657
1305031466.227951 -4370.151823 2654.485455 -3282.217372 0.075998 -0.091566 0.061565 0.990984
1305031466.259815 -4295.202365 2644.314227 -3325.807587 0.069939 -0.094458 0.056566 0.991457
1305031466.295737 -4260.942144 2707.658706 -3350.893135 0.073741 -0.087174 0.044948 0.992443
1305031466.327702 -4177.927200 2776.754211 -3423.602557 0.074368 -0.077730 0.035172 0.993574
1305031466.359829 -4154.448242 2840.845312 -3506.184446 0.069772 -0.065552 0.027832 0.995018
1305031466.395784 -4098.148866 2812.268590 -3584.819962 0.065895 -0.061057 0.024738 0.995649
1305031466.427819 -4039.223518 2875.480378 -3671.091280 0.073370 -0.061889 0.019216 0.995197
1305031466.459790 -3955.489765 2936.302236 -3727.406851 0.072931 -0.067920 0.015976 0.994893
1305031466.495809 -3851.699950 2981.188006 -3758.569658 0.069111 -0.073066 0.014529 0.994823
1305031466.527538 -3745.477330 3007.178906 -3796.472164 0.066597 -0.071629 0.013851 0.995109
1305031466.560353 -3710.251045 3093.329833 -3813.074677 0.068024 -0.064146 0.010884 0.995560
1305031466.595936 -3625.089900 3147.099782 -3835.630981 0.059958 -0.063297 0.007441 0.996164
1305031466.627549 -3541.629248 3157.723224 -3825.381631 0.054829 -0.060350 -0.000780 0.996670
1305031466.659688 -3484.143352 3186.736200 -3871.588910 0.061209 -0.053792 -0.005571 0.996659
1305031466.695822 -3416.842854 3286.512044 -3910.870653 0.065154 -0.052099 -0.014674 0.996406
1305031466.728074 -3341.877535 3316.909059 -3945.976734 0.059179 -0.052610 -0.025700 0.996529
1305031466.759637 -3269.799214 3313.550817 -3958.956910 0.061942 -0.050406 -0.037382 0.996105
1305031466.795604 -3213.150128 3373.260505 -4006.327606 0.070276 -0.049146 -0.043881 0.995349
1305031466.827879 -3128.825578 3420.252082 -4029.457914 0.069167 -0.053705 -0.049041 0.994951
1305031466.859665 -3131.353096 3412.889255 -4029.370780 0.066512 -0.053043 -0.051023 0.995067
1305031466.895694 -3108.197022 3474.526926 -4054.848398 0.073902 -0.060146 -0.051918 0.994095
1305031466.927756 -3036.849462 3507.871869 -4086.376296 0.075808 -0.073784 -0.055398 0.992844
1305031466.959728 -2920.247233 3521.593517 -4080.837445 0.077483 -0.086991 -0.056526 0.991581
1305031466.995712 -2821.427613 3542.389569 -4095.370997 0.079148 -0.093256 -0.059794 0.990688
1305031467.027843 -2759.180779 3570.572569 -4121.807097 0.081097 -0.095924 -0.065341 0.989925
1305031467.059700 -2672.126388 3599.522997 -4118.731117 0.083100 -0.099308 -0.068862 0.989187
1305031467.095687 -2622.861380 3631.043942 -4132.472988 0.082665 -0.098147 -0.074974 0.988895
1305031467.128974 -2562.781297 3621.249526 -4155.514531 0.081990 -0.100004 -0.085437 0.987916
1305031467.159660 -2496.215930 3648.403235 -4171.221695 0.085381 -0.102396 -0.093944 0.986610
1305031467.195663 -2444.654957 3676.803553 -4173.468632 0.088286 -0.106018 -0.099157 0.985461
1305031467.227704 -2377.006106 3676.565242 -4216.259792 0.087914 -0.112209 -0.104249 0.984283
1305031467.259694 -2309.685021 3699.551494 -4236.629704 0.090873 -0.117263 -0.109353 0.982870
1305031467.295846 -2275.360734 3727.877303 -4247.733958 0.094572 -0.119876 -0.117677 0.981243
1305031467.328008 -2204.098777 3746.426919 -4272.998121 0.096422 -0.125507 -0.123111 0.979691
1305031467.359654 -2142.320442 3811.174461 -4292.735499 0.097077 -0.130726 -0.125835 0.978597
1305031467.395756 -2073.832954 3810.985380 -4309.921061 0.090796 -0.138190 -0.130872 0.977513
1305031467.427783 -1990.799104 3784.662277 -4315.260136 0.087185 -0.145543 -0.135155 0.976191
1305031467.459692 -1937.836830 3816.846329 -4339.993070 0.088799 -0.150762 -0.136764 0.975029
1305031467.496058 -1848.760408 3878.445833 -4357.679132 0.088433 -0.158214 -0.142891 0.973000
1305031467.527663 -1762.876006 3854.672104 -4367.522404 0.081639 -0.162745 -0.149336 0.971879
1305031467.559763 -1700.121018 3840.070560 -4371.043296 0.081327 -0.163563 -0.152660 0.971251
1305031467.595989 -1646.695543 3845.342017 -4377.396593 0.082049 -0.164308 -0.152206 0.971135
1305031467.627532 -1594.731705 3838.868219 -4366.995544 0.084139 -0.168860 -0.149992 0.970520
1305031467.659626 -1521.701335 3829.011938 -4359.257725 0.091862 -0.175601 -0.146872 0.969100
1305031467.695886 -1465.640629 3857.327514 -4362.402116 0.098139 -0.178161 -0.149800 0.967568
1305031467.727535 -1413.670132 3806.302682 -4334.316919 0.101084 -0.180437 -0.154671 0.966075
1305031467.759907 -1360.729516 3774.425337 -4311.794603 0.107980 -0.182322 -0.158305 0.964385
1305031467.796075 -1311.957812 3764.611821 -4267.903218 0.113462 -0.185518 -0.160707 0.962747
1305031467.827800 -1268.446739 3663.929162 -4227.629825 0.114488 -0.189305 -0.161266 0.961795
1305031467.859729 -1228.603158 3626.915090 -4189.837494 0.122346 -0.193741 -0.158573 0.960391
1305031467.895947 -1213.975846 3584.589118 -4187.299488 0.126066 -0.198444 -0.161014 0.958541
1305031467.927754 -1148.943425 3509.270950 -4114.319044 0.127725 -0.208529 -0.164108 0.955652
1305031467.959826 -1084.184570 3433.620735 -4040.271675 0.133462 -0.215994 -0.165074 0.953040
1305031467.995754 -1023.288114 3442.524149 -3957.572234 0.139679 -0.219599 -0.166465 0.951081
1305031468.028107 -1001.723638 3367.032952 -3876.413382 0.137628 -0.219926 -0.170853 0.950526
1305031468.059850 -993.524839 3321.341320 -3862.440697 0.142758 -0.219459 -0.172391 0.949599
1305031468.095867 -964.506407 3300.904659 -3793.661875 0.146816 -0.222529 -0.173732 0.948021
1305031468.127816 -935.706903 3235.455486 -3715.542114 0.145665 -0.225146 -0.174867 0.947371
1305031468.159864 -905.776015 3167.404907 -3661.126627 0.147758 -0.226666 -0.178828 0.945944
1305031468.195985 -874.390935 3117.819533 -3564.811402 0.149260 -0.227822 -0.182654 0.944699
1305031468.228158 -849.449814 3030.436121 -3494.884255 0.147642 -0.227134 -0.182838 0.945083
1305031468.259754 -810.404127 2943.976701 -3442.913513 0.147188 -0.225836 -0.181659 0.945692
1305031468.295830 -783.078292 2853.275342 -3378.973665 0.145914 -0.224173 -0.181928 0.946233
1305031468.327847 -767.344418 2748.513288 -3295.362965 0.147701 -0.222969 -0.180295 0.946553
1305031468.359787 -742.570545 2698.774730 -3261.901414 0.152375 -0.219927 -0.175426 0.947439
1305031468.395860 -715.466973 2625.277445 -3247.939380 0.149889 -0.217841 -0.176531 0.948111
1305031468.428025 -707.168668 2516.880058 -3232.674174 0.144655 -0.216883 -0.175923 0.949256
1305031468.459759 -683.057312 2424.135824 -3202.873126 0.143611 -0.217968 -0.173634 0.949588
1305031468.495809 -665.953526 2337.350130 -3176.503571 0.141319 -0.216713 -0.175485 0.949878
1305031468.527756 -670.918343 2221.835753 -3184.516074 0.139683 -0.213476 -0.180308 0.949950
1305031468.559739 -682.947294 2134.413356 -3197.228418 0.146188 -0.211831 -0.189047 0.947638
1305031468.595768 -675.146854 2099.818877 -3186.704814 0.150242 -0.212472 -0.193756 0.945908
1305031468.627626 -698.906375 2022.747716 -3187.910372 0.143827 -0.212369 -0.194920 0.946689
1305031468.659579 -734.307982 1934.020250 -3150.776766 0.142047 -0.217008 -0.192365 0.946428
1305031468.695835 -759.234716 1866.424803 -3151.585105 0.147630 -0.222399 -0.196546 0.943458
1305031468.727785 -775.538847 1817.453173 -3140.225228 0.153726 -0.228304 -0.199370 0.940477
1305031468.759628 -789.599758 1752.779212 -3112.935725 0.155338 -0.233686 -0.199818 0.938794
1305031468.795796 -826.411027 1667.459289 -3095.611896 0.159187 -0.235436 -0.204831 0.936629
1305031468.829247 -855.788622 1621.319598 -3108.283536 0.169100 -0.235623 -0.212107 0.933219
1305031468.859659 -852.604880 1618.624407 -3095.638141 0.175050 -0.234259 -0.217627 0.931192
1305031468.895873 -879.964708 1558.274378 -3065.597847 0.172585 -0.228979 -0.219435 0.932540
1305031468.928141 -905.739722 1529.223028 -3023.500519 0.170623 -0.223629 -0.216886 0.934793
1305031468.959594 -924.311027 1483.937974 -3069.152907 0.163781 -0.216026 -0.215592 0.938098
1305031468.995711 -898.735720 1522.926199 -3038.154289 0.152222 -0.214349 -0.216545 0.940208
1305031469.027699 -938.979213 1442.830208 -3011.472204 0.131847 -0.210536 -0.223490 0.942519
1305031469.059832 -980.145384 1445.100326 -3001.627810 0.122495 -0.206951 -0.231053 0.942752
1305031469.095723 -959.351597 1490.190084 -2931.426503 0.117651 -0.206266 -0.241981 0.940775
1305031469.127679 -980.021427 1447.079162 -2868.587106 0.105245 -0.198646 -0.250749 0.941588
1305031469.159703 -1035.969767 1403.955987 -2824.444377 0.094522 -0.186637 -0.257906 0.943248
1305031469.195540 -1070.510863 1355.529774 -2776.310814 0.085871 -0.176135 -0.262727 0.944763
1305031469.227754 -1081.049594 1331.836157 -2759.396296 0.080986 -0.169390 -0.263092 0.946325
1305031469.259586 -1097.051136 1329.075202 -2715.863192 0.077238 -0.165630 -0.266994 0.946211
1305031469.296754 -1116.690449 1309.116341 -2654.919090 0.072545 -0.160578 -0.269357 0.946783
1305031469.327618 -1118.458638 1337.575797 -2599.525337 0.070265 -0.157191 -0.270697 0.947142
1305031469.359592 -1110.792247 1295.226882 -2581.409357 0.061326 -0.151207 -0.276000 0.947206
1305031469.395695 -1153.843839 1265.433490 -2525.059919 0.058800 -0.136851 -0.282421 0.947656
1305031469.427651 -1156.821374 1271.165427 -2469.735237 0.059471 -0.124712 -0.286785 0.947979
1305031469.459668 -1180.392203 1296.499582 -2421.845616 0.059968 -0.112607 -0.293775 0.947322
1305031469.495744 -1221.196569 1292.634534 -2398.733809 0.055920 -0.104587 -0.295283 0.948020
1305031469.527622 -1220.158703 1331.271922 -2334.598430 0.053489 -0.105012 -0.294892 0.948235
1305031469.559645 -1215.630023 1346.624823 -2264.221295 0.046537 -0.106356 -0.295811 0.948166
1305031469.595755 -1205.799407 1359.634274 -2188.001935 0.037157 -0.108473 -0.293857 0.948947
1305031469.627752 -1235.842647 1369.074337 -2159.488556 0.026493 -0.103426 -0.296613 0.949011
1305031469.659590 -1262.447167 1399.670687 -2083.654960 0.020453 -0.098030 -0.297473 0.949463
1305031469.695613 -1283.540807 1434.845367 -2009.371032 0.015604 -0.093793 -0.296568 0.950267
1305031469.727679 -1300.473350 1431.540116 -1938.252229 0.005816 -0.089997 -0.294968 0.951242
1305031469.759599 -1332.982124 1481.586309 -1867.233131 -0.000466 -0.084602 -0.292149 0.952623
1305031469.795621 -1391.949301 1504.132111 -1800.853634 -0.012511 -0.081033 -0.290214 0.953442
1305031469.827526 -1424.034668 1526.355637 -1748.220495 -0.021916 -0.082909 -0.287979 0.953789
1305031469.859574 -1428.186985 1522.401461 -1713.332930 -0.035185 -0.087469 -0.287980 0.952984
1305031469.895755 -1441.419721 1552.713984 -1681.429428 -0.044710 -0.090668 -0.284033 0.953470
1305031469.927854 -1493.149111 1583.946915 -1641.786553 -0.052707 -0.091473 -0.283058 0.953275
1305031469.959805 -1532.480727 1611.731962 -1603.517319 -0.059707 -0.096221 -0.281234 0.952934
1305031469.995551 -1564.447710 1673.721235 -1577.475780 -0.062286 -0.099336 -0.278924 0.953129
1305031470.027694 -1582.029805 1684.744377 -1535.029559 -0.070130 -0.107284 -0.280325 0.951309
1305031470.059638 -1604.804973 1711.659434 -1499.144760 -0.076602 -0.113444 -0.281946 0.949615
1305031470.095944 -1650.193155 1757.937128 -1488.476544 -0.080309 -0.114459 -0.281265 0.949389
1305031470.127633 -1707.014921 1819.856252 -1487.787465 -0.085681 -0.114075 -0.280038 0.949328
1305031470.159626 -1757.476859 1892.229293 -1474.981469 -0.088847 -0.115478 -0.276328 0.949955
1305031470.196092 -1791.703625 1925.410376 -1471.175707 -0.094270 -0.120930 -0.274131 0.949390
1305031470.227618 -1831.305503 1954.935372 -1459.660910 -0.102072 -0.125200 -0.272627 0.948462
1305031470.259965 -1884.025387 2015.650686 -1475.122965 -0.106588 -0.124665 -0.269729 0.948864
1305031470.295718 -1933.924746 2082.229023 -1480.836129 -0.112039 -0.124667 -0.266384 0.949181
1305031470.327644 -1978.852716 2102.557266 -1499.873202 -0.123646 -0.125285 -0.263474 0.948471
1305031470.359624 -2026.867299 2098.530554 -1509.265953 -0.137055 -0.129231 -0.261273 0.946705
1305031470.395823 -2068.341115 2113.597630 -1519.603178 -0.145618 -0.133796 -0.259434 0.945298
1305031470.427641 -2101.572834 2117.136696 -1506.746519 -0.153895 -0.142437 -0.260514 0.942422
1305031470.459721 -2136.854234 2107.356898 -1517.146403 -0.160115 -0.148311 -0.262041 0.940054
1305031470.495686 -2188.273525 2126.245090 -1528.276913 -0.162960 -0.152495 -0.259586 0.939577
1305031470.527689 -2231.814176 2130.444485 -1538.768002 -0.167687 -0.156595 -0.258945 0.938246
1305031470.559677 -2276.293397 2151.127407 -1550.783971 -0.171519 -0.158026 -0.257399 0.937739
1305031470.595760 -2308.487978 2153.948082 -1549.151734 -0.176759 -0.162194 -0.253783 0.937040
1305031470.627729 -2338.277454 2164.190768 -1545.726150 -0.182404 -0.166101 -0.249087 0.936533
1305031470.659690 -2370.894460 2174.214921 -1543.495140 -0.187609 -0.169660 -0.243149 0.936428
1305031470.695630 -2401.754852 2189.440121 -1550.152845 -0.192782 -0.173393 -0.238394 0.935916
1305031470.727654 -2434.649437 2191.314168 -1555.809830 -0.195324 -0.177125 -0.236148 0.935259
1305031470.759682 -2445.028187 2198.527195 -1570.860352 -0.195781 -0.177814 -0.233603 0.935672
1305031470.795615 -2483.819812 2196.740060 -1576.871395 -0.201896 -0.173846 -0.230482 0.935892
1305031470.827831 -2511.984298 2188.139964 -1578.729705 -0.203555 -0.176637 -0.221635 0.937146
1305031470.859645 -2541.620317 2193.800557 -1589.545397 -0.199319 -0.179712 -0.215960 0.938795
1305031470.895722 -2555.380333 2195.706978 -1608.370291 -0.195882 -0.185181 -0.209389 0.939944
1305031470.927684 -2586.697776 2194.698001 -1612.836442 -0.192945 -0.190510 -0.204066 0.940657
1305031470.959647 -2599.125102 2176.573049 -1614.426371 -0.185880 -0.200595 -0.197031 0.941482
1305031470.995996 -2629.021219 2188.185660 -1631.931873 -0.174916 -0.203020 -0.194757 0.943534
1305031471.027644 -2646.881105 2202.817437 -1633.898411 -0.162436 -0.205750 -0.191023 0.945934
1305031471.059636 -2684.310937 2206.177032 -1660.565321 -0.151079 -0.202857 -0.186515 0.949335
1305031471.095777 -2716.442384 2215.337312 -1686.172396 -0.141549 -0.202199 -0.178527 0.952474
1305031471.127663 -2737.462211 2209.439493 -1695.857725 -0.135969 -0.205115 -0.170011 0.954220
1305031471.159649 -2746.196400 2231.359503 -1711.483326 -0.126079 -0.207179 -0.162635 0.956415
1305031471.195703 -2759.467293 2241.418640 -1725.428737 -0.121772 -0.205996 -0.156377 0.958271
1305031471.227569 -2796.148087 2251.155202 -1745.129470 -0.120355 -0.201251 -0.151932 0.960171
1305031471.259722 -2828.024136 2246.002247 -1750.749809 -0.121222 -0.199312 -0.148896 0.960942
1305031471.296068 -2848.170866 2239.396017 -1747.881307 -0.120354 -0.198872 -0.143981 0.961891
1305031471.327642 -2855.946562 2269.632602 -1757.307994 -0.110592 -0.196110 -0.140617 0.964125
1305031471.359615 -2865.251862 2275.132128 -1776.205670 -0.109011 -0.188773 -0.137176 0.966263
1305031471.395730 -2893.067408 2251.847078 -1784.152776 -0.110514 -0.181663 -0.131885 0.968190
1305031471.427704 -2919.854450 2255.278571 -1810.251547 -0.105975 -0.178295 -0.124111 0.970349
1305031471.459647 -2917.509110 2262.850734 -1824.615306 -0.103933 -0.181561 -0.119070 0.970595
1305031471.496491 -2930.579487 2257.371854 -1835.160840 -0.105585 -0.181798 -0.115383 0.970818
1305031471.527624 -2953.366484 2265.261984 -1852.372197 -0.104645 -0.179994 -0.111250 0.971738
1305031471.559671 -2958.108838 2281.930112 -1869.823246 -0.102229 -0.178743 -0.110064 0.972361
1305031471.595702 -2963.745418 2279.015454 -1883.380301 -0.102392 -0.175004 -0.107775 0.973280
1305031471.627621 -2972.882934 2276.553510 -1901.050200 -0.102017 -0.170297 -0.106495 0.974295
1305031471.659642 -2980.484595 2271.730571 -1913.299125 -0.100903 -0.165654 -0.103016 0.975584
1305031471.695609 -2994.390688 2278.769656 -1939.252469 -0.098651 -0.160170 -0.098219 0.977224
1305031471.727501 -2994.547544 2295.551527 -1953.620779 -0.098122 -0.156909 -0.094132 0.978208
1305031471.759702 -2991.313188 2288.778657 -1957.547594 -0.100632 -0.153254 -0.087849 0.979116
1305031471.795801 -3012.477680 2295.359109 -1987.959366 -0.100240 -0.143039 -0.081658 0.981236
1305031471.827639 -3032.343551 2322.791100 -2002.009838 -0.102245 -0.135965 -0.075161 0.982553
1305031471.859665 -3032.474546 2323.173393 -1998.910585 -0.107617 -0.133835 -0.068225 0.982778
1305031471.895604 -3041.633385 2347.601793 -2012.668807 -0.109713 -0.128953 -0.061705 0.983629
1305031471.927651 -3044.345176 2343.810636 -2009.022642 -0.118006 -0.125004 -0.058675 0.983364
1305031471.959643 -3057.516161 2316.424957 -2009.923717 -0.123658 -0.117925 -0.057470 0.983615
1305031471.995573 -3083.071185 2357.137301 -2039.385615 -0.120528 -0.107499 -0.052975 0.985449
1305031472.027638 -3113.910260 2378.726297 -2037.204877 -0.127357 -0.099741 -0.051772 0.985470
1305031472.059668 -3122.806299 2350.749606 -2031.080847 -0.134647 -0.096601 -0.049334 0.984939
1305031472.095601 -3147.316064 2387.330415 -2048.826751 -0.130954 -0.089917 -0.043734 0.986333
1305031472.127594 -3172.472937 2402.209047 -2053.160828 -0.136927 -0.086300 -0.040644 0.985977
1305031472.159645 -3177.326577 2396.394310 -2032.440187 -0.141054 -0.088050 -0.039423 0.985290
1305031472.195682 -3197.351386 2396.322850 -2038.358827 -0.137872 -0.086228 -0.033650 0.986115
1305031472.227626 -3208.611436 2414.548491 -2053.416288 -0.133633 -0.084975 -0.030957 0.986896
1305031472.263840 -3214.831163 2393.974946 -2042.381722 -0.133809 -0.084382 -0.030674 0.986931
1305031472.295671 -3224.025375 2378.155949 -2052.557178 -0.128516 -0.082048 -0.028209 0.987905
1305031472.327678 -3224.506651 2386.461986 -2075.628099 -0.122272 -0.081310 -0.027085 0.988789
1305031472.363577 -3242.988393 2396.309511 -2089.004394 -0.120491 -0.079263 -0.026101 0.989201
1305031472.395599 -3239.925897 2370.049419 -2075.824454 -0.123500 -0.082881 -0.023841 0.988590
1305031472.427686 -3235.142068 2372.532375 -2072.873742 -0.119678 -0.087197 -0.022768 0.988714
1305031472.463603 -3214.949855 2363.552872 -2075.841517 -0.117437 -0.090939 -0.023174 0.988636
1305031472.495626 -3212.916829 2366.698629 -2081.220785 -0.115412 -0.088902 -0.024439 0.989029
1305031472.527625 -3208.994889 2341.493340 -2077.336803 -0.116216 -0.087098 -0.024494 0.989094
1305031472.563587 -3206.655615 2337.015570 -2070.230474 -0.109655 -0.087930 -0.021244 0.989845
1305031472.595675 -3199.824599 2343.863290 -2081.273833 -0.103147 -0.089119 -0.018831 0.990487
1305031472.627701 -3194.255961 2329.395167 -2078.129407 -0.103511 -0.089960 -0.016762 0.990410
1305031472.663575 -3181.797248 2317.781237 -2070.390276 -0.102463 -0.091650 -0.013737 0.990410
1305031472.695755 -3177.032560 2303.173295 -2066.379615 -0.100723 -0.092256 -0.012261 0.990552
1305031472.727628 -3169.265002 2287.772324 -2061.307861 -0.098356 -0.093416 -0.011788 0.990687
1305031472.763578 -3150.695441 2282.923716 -2059.138341 -0.095260 -0.095088 -0.012294 0.990824
1305031472.795640 -3144.794229 2273.176617 -2052.315991 -0.092701 -0.094159 -0.013889 0.991134
1305031472.827627 -3145.230504 2280.767256 -2045.371859 -0.087545 -0.092872 -0.012467 0.991743
1305031472.863598 -3145.317656 2286.411411 -2046.690633 -0.083664 -0.092750 -0.010951 0.992108
1305031472.895713 -3147.642676 2290.980511 -2043.462710 -0.082473 -0.093574 -0.008321 0.992156
1305031472.927685 -3140.905155 2288.977747 -2032.718415 -0.082350 -0.095283 -0.006738 0.992015
1305031472.963756 -3144.142326 2283.153721 -2037.589672 -0.082264 -0.094233 -0.004986 0.992133
1305031472.995704 -3151.073194 2282.691827 -2035.394712 -0.082766 -0.094088 -0.003982 0.992109
1305031473.027638 -3149.820137 2278.287462 -2035.640879 -0.083478 -0.095603 -0.003797 0.991906
1305031473.063684 -3144.902754 2273.696308 -2028.439908 -0.084161 -0.096714 -0.004972 0.991735
1305031473.095695 -3155.668761 2279.829267 -2027.854073 -0.082380 -0.094207 -0.008778 0.992099
1305031473.127744 -3161.896144 2285.933232 -2024.518833 -0.081160 -0.092456 -0.009334 0.992360
1305031473.167060 -3170.958662 2291.337116 -2023.783046 -0.078885 -0.091865 -0.009822 0.992593
1305031473.196069 -3161.988371 2285.323063 -2027.778410 -0.078161 -0.093551 -0.009964 0.992492
